0.03 0.01 1.01
0.03 0.01 1.01
0.03 0.01 1.01
0.03 0.01 1.01
0.03 0.01 1.01
0.03 0.01 1.01
0.03 0.01 1.01
0.03 0.01 1.01
0.03 0.01 1.01
0.03 0.01 1.01
0.03 0.01 1.01
0.03 0.01 1.01
0.03 0.01 1.01
0.03 0.01 1.01
0.03 0.01 1.01
0.03 0.01 1.01
0.03 0.01 1.01
0.03 0.01 1.01
0.03 0.01 1.01
0.03 0.01 1.01
0.03 0.01 1.01
0.03 0.01 1.01
0.02 0.01 0.99
0.02 0.01 1.01
0.02 0.01 1.01
0.02 0.00 1.01
0.02 0.02 1.02
0.02 0.00 1.00
0.02 0.01 1.01
0.02 0.00 1.01
0.02 0.01 1.01
0.02 0.01 1.01
0.02 0.01 1.01
0.02 0.00 1.01
0.02 0.01 1.00
0.02 0.01 1.01
0.02 0.01 1.01
0.02 0.01 1.01
0.02 0.01 1.00
0.02 0.00 1.01
0.02 0.01 1.01
0.02 0.00 1.00
0.02 0.01 1.00
0.02 0.00 1.01
0.02 0.00 1.01
0.02 0.01 1.00
0.02 0.00 1.01
0.02 0.00 1.00
0.02 0.01 1.01
0.02 0.00 1.01
0.02 0.01 1.01
0.02 0.01 1.01
0.02 0.00 1.01
0.02 0.01 1.01
0.02 0.01 1.01
0.02 0.01 1.01
0.02 0.00 1.01
0.02 0.00 1.01
0.02 0.00 1.01
0.02 0.01 1.01
0.02 0.01 1.01
0.02 0.01 1.01
-0.02 -0.30 1.13
0.05 0.22 1.30
0.30 0.03 1.30
-0.09 -0.27 0.66
-0.11 0.54 0.34
-0.30 -0.06 1.43
-0.31 -0.17 1.31
-0.20 -0.12 0.99
-0.35 -0.30 0.95
-0.32 -0.26 0.81
-0.32 -0.18 0.99
-0.28 -0.16 1.01
-0.28 -0.15 0.81
-0.27 -0.17 0.88
-0.36 -0.16 1.32
-0.33 -0.24 1.21
-0.38 -0.09 0.93
-0.39 -0.62 0.55
-0.36 0.95 0.85
-0.70 0.62 1.00
-0.35 0.59 0.56
-0.66 0.39 0.54
-0.68 0.44 -0.04
-0.41 0.76 0.04
-0.33 0.79 -0.44
-0.60 0.01 -0.73
-0.74 -0.54 -0.88
-0.70 -0.63 -0.04
-0.59 -0.18 0.51
-0.54 0.51 0.61
-0.56 0.86 0.19
-0.69 0.63 0.10
-0.72 0.07 0.44
-0.84 -0.19 0.19
-0.93 -0.19 -0.38
-0.94 0.07 -0.22
-0.80 0.52 0.17
-0.93 0.07 -0.48
-0.87 -0.70 0.10
-0.76 -0.26 0.51
-0.73 0.50 0.21
-0.69 0.36 0.06
-0.41 0.58 1.47
-0.06 0.07 2.01
0.49 2.44 -0.31
0.73 0.93 1.62
0.83 0.60 1.18
0.31 0.49 -2.52
1.11 1.52 2.66
0.55 0.17 -0.24
-0.30 -0.43 -2.50
-1.11 0.43 1.81
-0.78 -0.06 0.04
-0.56 0.32 1.18
-0.98 0.72 1.73
0.29 -0.69 -2.26
2.53 1.24 -0.28
1.10 0.94 1.67
0.51 0.75 0.34
-0.34 0.71 -0.92
0.20 0.71 -0.74
2.39 -1.58 0.74
1.18 -2.40 0.97
-0.09 -1.29 1.77
0.09 -0.66 0.33
-0.20 -0.16 -0.08
1.16 0.05 0.05
0.25 1.32 -0.61
1.68 2.13 3.24
0.32 1.16 0.74
0.23 0.24 -1.33
-0.27 -0.99 0.69
0.17 -0.66 -2.21
0.14 -1.73 -0.07
1.45 -0.16 -0.50
0.49 2.25 1.81
0.76 -0.02 1.13
1.61 -2.69 -3.83
2.02 -0.34 -0.12
0.55 1.72 0.16
1.00 2.42 -0.38
1.07 -0.22 1.73
0.29 -0.15 1.53
0.07 0.40 0.88
-0.08 -0.07 -0.16
1.15 0.55 1.68
1.31 0.51 1.93
1.19 -0.71 -0.05
1.50 4.00 0.81
1.08 -0.27 -0.97
-0.07 -2.45 -0.65
0.43 1.84 -1.24
0.29 0.23 3.28
-0.49 -0.07 2.48
0.31 0.11 -1.26
0.86 0.37 -0.96
2.25 0.50 2.64
0.23 -0.14 1.87
1.02 0.15 -0.51
0.39 0.55 -1.94
0.65 1.74 1.95
-0.22 0.35 0.29
-0.88 -0.71 0.15
1.01 -0.47 0.11
4.00 -0.48 -0.37
4.00 3.97 2.28
4.00 -4.00 -2.14
4.00 4.00 4.00
4.00 -4.00 0.57
4.00 1.95 0.53
1.44 -0.31 -0.80
-0.05 -2.28 1.47
-0.24 0.00 2.73
0.80 -0.50 -0.64
1.38 1.01 -2.60
4.00 2.16 4.00
2.76 0.03 -0.98
2.65 0.37 -0.61
3.48 2.40 4.00
2.50 -1.37 -1.99
4.00 2.56 1.09
1.39 -0.67 0.49
0.40 -1.96 2.07
4.00 3.77 1.23
4.00 -3.43 1.29
1.63 -0.00 0.57
2.11 2.11 0.87
2.58 0.49 4.00
3.32 1.27 -1.86
2.62 0.50 1.69
2.15 -1.91 2.11
2.87 -1.96 -0.27
4.00 3.97 4.00
1.92 -0.09 -1.69
0.96 0.79 -1.32
3.96 2.80 3.83
2.69 -0.37 -1.38
0.63 1.31 -0.49
2.36 1.86 3.49
0.47 -3.24 0.18
3.11 1.73 -1.12
2.68 -0.23 0.96
1.55 -0.27 3.96
4.00 0.86 1.24
2.05 -0.73 -0.40
1.81 0.70 4.00
2.14 0.65 -1.03
1.19 3.43 1.92
0.22 -1.38 0.26
1.08 1.05 2.41
1.88 0.81 1.16
3.19 2.46 -2.06
2.55 -2.37 2.04
4.00 -0.25 -0.24
2.23 0.62 -4.00
4.00 3.33 4.00
4.00 -1.55 -1.59
2.91 0.53 -2.24
3.45 1.61 4.00
1.76 -2.10 0.23
1.16 0.09 -1.82
3.89 -0.08 2.70
0.90 -2.08 1.40
2.09 0.87 -2.39
3.90 -0.35 2.49
-0.31 -1.82 -0.01
0.96 2.61 -0.32
0.78 0.63 3.52
0.42 -0.52 -2.13
1.82 1.17 3.00
1.21 -0.05 -0.73
-0.52 0.61 0.44
0.62 0.36 1.47
0.22 0.03 0.96
0.35 0.18 0.93
0.36 0.23 0.91
0.43 0.14 0.90
0.21 0.10 0.91
0.21 0.08 0.97
0.19 -0.04 1.09
0.20 0.04 1.03
0.19 0.09 1.00
0.19 0.08 0.99
0.17 0.06 1.01
0.16 0.06 1.00
0.15 0.05 1.01
0.15 0.05 0.99
0.15 0.06 0.99
0.15 0.04 1.00
0.14 0.06 0.87
0.20 0.08 0.91
0.15 0.11 0.95
0.17 0.10 0.99
0.17 0.10 0.99
0.17 0.10 1.00
0.17 0.09 0.99
0.17 0.10 0.99
0.17 0.09 0.99
0.17 0.09 0.99
0.17 0.09 0.99
0.17 0.09 0.99
0.17 0.09 0.99
0.17 0.09 0.99
0.17 0.09 0.99
0.17 0.09 0.99
0.17 0.09 0.99
0.17 0.09 0.99
0.17 0.09 0.99
0.17 0.09 0.99
0.17 0.09 0.99
0.17 0.09 0.99
0.17 0.09 0.99
0.17 0.09 0.99
0.17 0.09 0.99
0.17 0.09 0.99
0.17 0.09 0.99
0.17 0.09 0.99
0.17 0.09 0.99
0.17 0.09 0.99
0.17 0.09 0.99
0.17 0.09 0.99
0.17 0.09 0.99
0.17 0.08 0.99
0.17 0.08 0.99
0.17 0.09 0.99
0.17 0.08 0.99
0.17 0.09 0.99
0.17 0.08 0.99
0.17 0.08 0.99
0.17 0.08 0.99
0.17 0.08 0.99
0.17 0.08 0.99
0.17 0.08 0.99
0.17 0.08 1.00
0.17 0.08 0.99
0.17 0.08 0.99
0.17 0.08 1.00
0.17 0.08 0.99
0.17 0.08 1.00
0.17 0.08 1.00
0.17 0.08 1.00
0.17 0.08 1.00
0.17 0.08 1.00
0.17 0.08 0.99
0.17 0.08 0.99
0.17 0.08 1.00
0.17 0.08 1.00
0.17 0.08 0.99
0.17 0.08 1.00
0.17 0.08 0.99
0.17 0.08 0.99
0.17 0.08 0.99
0.17 0.08 0.99
0.17 0.08 1.00
0.17 0.08 0.99
0.17 0.08 1.00
0.17 0.07 0.99
0.17 0.07 1.00
0.17 0.08 0.99
0.17 0.07 0.99
0.17 0.07 0.99
0.16 0.08 1.01
0.16 0.08 1.01
0.16 0.05 1.00
0.16 0.05 1.00
0.17 0.06 1.00
0.15 0.04 0.99
0.19 0.06 1.00
0.15 0.02 1.01
0.16 0.02 1.00
0.14 0.08 1.00
0.16 0.02 1.00
0.15 0.03 0.99
0.16 0.02 0.99
0.16 0.02 0.99
0.16 0.02 1.00
0.15 0.02 1.00
0.15 0.02 1.00
0.15 0.02 1.00
0.15 0.02 1.00
0.16 0.01 0.99
0.15 0.02 1.00
0.15 0.02 1.00
0.15 0.02 1.00
0.15 0.02 1.00
0.15 0.02 1.00
0.15 0.02 1.00
0.13 0.08 1.00
0.15 0.02 1.00
0.15 0.02 1.00
0.15 0.02 1.00
0.15 0.02 1.00
0.15 0.02 1.00
0.15 0.02 1.00
0.15 0.04 0.99
0.15 0.02 1.00
0.15 0.01 1.00
0.15 0.02 1.00
0.15 0.01 1.00
0.15 0.02 1.00
0.15 0.02 1.00
0.15 0.01 1.00
0.15 0.01 1.00
0.15 0.01 1.00
0.15 0.01 1.00
0.15 0.01 1.00
0.15 0.01 1.00
0.15 0.01 1.00
0.15 0.01 1.00
0.15 0.01 1.00
0.15 0.01 1.00
0.15 0.01 1.00
0.15 0.01 1.00
0.15 0.01 1.00
0.15 0.01 1.00
0.15 0.02 1.00
0.15 0.01 1.00
0.15 0.01 1.00
0.15 0.01 1.00
0.15 0.01 1.00
0.15 0.01 1.00
0.15 0.01 1.00
0.15 0.01 1.00
0.15 0.01 1.00
0.15 0.01 1.00
0.15 0.01 1.00
0.15 0.01 1.00
0.15 0.01 1.00
0.15 0.01 1.00
0.15 0.01 1.00
0.15 0.01 1.00
0.15 0.01 1.00
0.15 0.01 1.00
0.15 0.02 1.00
0.15 0.01 1.00
0.15 0.01 1.00
0.15 0.02 1.00
0.15 0.02 0.99
0.15 0.02 0.99
0.15 0.01 1.00
0.15 0.00 1.00
0.15 0.02 1.00
0.15 0.02 1.00
0.15 0.02 1.00
0.15 0.01 0.99
0.15 0.01 1.01
0.15 0.00 1.01
0.15 0.02 1.00
0.15 -0.01 1.03
0.18 0.02 0.99
0.11 0.01 0.97
0.10 0.12 1.25
1.50 -0.75 2.05
3.38 4.00 0.25
2.19 -3.66 1.34
4.00 1.55 -0.40
3.26 0.18 -3.58
1.19 -2.74 1.60
4.00 -1.50 -2.70
0.51 2.61 -0.24
-0.15 -0.66 1.01
0.43 0.94 1.84
-0.03 0.01 0.84
0.29 0.31 1.00
0.21 0.18 1.05
0.15 0.27 0.99
0.16 0.20 1.00
0.12 0.19 0.98
0.11 0.10 1.03
0.10 0.13 1.03
0.12 0.19 0.95
0.12 0.19 0.97
0.12 0.18 0.98
0.13 0.17 0.99
0.12 0.18 0.98
0.12 0.18 0.98
0.12 0.18 0.98
0.12 0.18 0.98
0.12 0.18 0.98
0.12 0.18 0.98
0.12 0.18 0.99
0.12 0.18 0.98
0.12 0.18 0.99
0.12 0.18 0.99
0.12 0.18 0.99
0.12 0.18 0.99
0.12 0.18 0.99
0.12 0.18 0.98
0.12 0.18 0.99
0.12 0.17 0.99
0.12 0.17 0.99
0.12 0.17 0.99
0.12 0.17 0.99
0.12 0.17 0.99
0.12 0.17 0.99
0.12 0.17 0.98
0.12 0.17 0.98
0.11 0.14 0.97
0.09 0.08 1.00
0.06 0.06 0.99
0.08 0.10 0.97
0.09 0.14 0.96
0.09 0.12 0.97
0.09 0.10 0.99
0.09 0.10 1.00
0.09 0.14 0.97
0.07 0.04 1.01
0.08 0.06 1.01
0.08 0.07 0.96
0.07 0.06 1.00
0.09 -0.02 1.09
0.09 0.16 0.99
0.10 0.14 1.00
0.09 0.14 1.01
0.10 0.15 0.98
0.10 0.14 0.98
0.10 0.15 1.00
0.11 0.11 0.98
0.09 0.13 0.99
0.09 0.14 0.99
0.09 0.11 0.99
0.09 0.09 1.03
0.09 0.13 1.00
0.09 0.13 0.99
0.09 0.14 0.98
0.09 0.12 1.00
0.09 0.11 1.01
0.10 0.11 1.06
0.12 0.12 1.00
0.09 0.15 0.97
0.09 0.14 0.97
0.09 0.11 1.00
0.08 0.13 0.99
0.09 0.13 0.99
0.09 0.12 1.01
0.09 0.12 1.00
0.09 0.12 1.00
0.09 0.11 1.00
0.09 0.12 1.00
0.09 0.12 1.00
0.09 0.12 1.00
0.09 0.11 1.00
0.09 0.11 1.01
0.09 0.11 1.00
0.08 0.10 1.02
0.09 0.09 1.01
0.09 0.11 1.00
0.09 0.12 0.99
0.09 0.10 1.00
0.08 0.08 1.02
0.09 0.10 1.00
0.09 0.10 1.00
0.09 0.11 1.00
0.09 0.11 1.00
0.09 0.10 1.00
0.09 0.10 1.00
0.09 0.10 1.00
0.09 0.10 1.00
0.09 0.11 1.00
0.09 0.11 1.00
0.09 0.10 1.01
0.09 0.10 1.00
0.09 0.10 1.01
0.09 0.11 1.01
0.07 -0.00 1.01
0.05 -0.01 0.99
0.06 0.01 1.00
0.05 0.00 1.01
0.06 0.01 1.01
0.06 0.00 1.01
0.06 0.01 1.01
0.05 0.00 1.01
0.05 0.01 1.01
0.06 0.00 1.01
0.05 0.00 1.01
0.06 0.00 1.01
0.07 0.01 0.98
0.06 -0.00 1.01
0.07 0.00 1.01
0.07 0.01 1.01
0.07 0.01 1.01
0.07 0.00 1.00
0.05 0.03 0.95
0.06 0.00 1.01
0.06 0.01 1.01
0.06 0.00 1.01
0.06 0.00 1.01
0.06 0.00 1.01
0.06 0.00 1.01
0.06 0.00 1.01
0.05 0.00 1.01
0.05 0.00 1.01
0.05 0.00 1.01
0.06 0.00 1.01
0.06 0.00 1.00
0.05 0.00 1.01
0.06 0.00 1.01
0.05 0.00 1.00
0.06 0.00 1.01
0.05 0.00 1.01
0.06 0.00 1.01
0.06 0.00 1.01
0.05 0.00 1.00
0.06 0.00 1.01
0.05 0.00 1.00
0.06 0.00 1.01
0.06 0.00 1.01
0.06 0.00 1.01
0.05 0.00 1.01
0.06 0.00 1.00
0.05 0.00 1.01
0.05 0.00 1.01
0.06 0.00 1.01
0.06 0.00 1.00
0.05 0.00 1.01
0.05 0.00 1.01
0.06 0.00 1.01
0.05 0.00 1.01
0.05 0.00 1.01
0.06 0.00 1.01
0.06 0.00 1.01
0.05 0.00 1.01
0.06 0.00 1.01
0.05 0.00 1.01
0.06 0.00 1.01
0.06 0.00 1.01
0.06 0.00 1.01
0.05 0.00 1.01
0.06 0.00 1.01
0.06 0.00 1.01
0.06 0.00 1.01
0.06 0.00 1.01
0.06 0.00 1.01
0.06 0.00 1.01
0.06 0.00 1.01
0.05 0.00 1.01
0.05 0.00 1.01
0.06 0.00 1.01
0.06 0.00 1.01
0.06 0.00 1.01
0.06 0.00 1.01
0.06 0.00 1.01
0.06 0.00 1.01
0.06 0.00 1.01
0.06 0.00 1.01
0.06 0.00 1.01
0.06 0.01 1.01
0.06 0.00 1.01
0.05 0.00 1.01
0.06 0.00 1.01
0.06 0.00 1.01
0.06 0.00 1.01
0.06 0.00 1.01
0.06 0.00 1.01
0.05 0.00 1.01
0.06 0.00 1.01
0.06 0.00 1.01
0.06 0.00 1.01
0.06 0.00 1.01
0.06 0.00 1.01
0.05 0.00 1.01
0.06 0.00 1.01
0.06 0.00 1.01
0.06 0.00 1.01
0.06 0.01 1.01
0.06 0.00 1.01
0.06 0.01 1.01
0.05 0.00 1.01
0.05 0.01 1.01
0.06 0.00 1.01
0.06 0.00 1.01
0.06 0.00 1.01
0.05 0.00 1.01
0.06 0.00 1.01
0.05 0.00 1.01
0.06 0.00 1.01
0.06 0.00 1.01
0.05 0.00 1.01
0.06 0.01 1.01
0.06 0.00 1.01
0.05 0.01 1.00
0.06 0.00 1.01
0.06 0.00 1.01
0.05 0.00 1.01
0.06 0.00 1.01
0.06 0.00 1.01
0.06 0.00 1.01
0.06 0.00 1.01
0.04 0.07 0.95
0.05 -0.01 1.01
0.07 0.00 1.00
0.07 0.00 1.01
0.07 -0.00 1.00
0.07 0.00 1.01
0.07 0.00 1.01
0.07 0.00 1.01
0.07 -0.00 1.02
0.07 -0.00 1.01
0.07 0.00 1.01
0.07 0.00 1.00
0.07 0.00 1.00
0.07 0.00 1.01
0.07 0.00 1.01
0.07 0.00 1.00
0.07 0.00 1.01
0.07 0.00 1.01
0.07 0.00 1.01
0.07 0.00 1.01
0.07 0.00 1.01
0.04 -0.01 1.01
0.06 0.01 1.00
0.05 0.00 1.00
0.05 0.00 1.00
0.06 0.00 1.00
0.05 0.00 1.01
0.06 0.00 1.00
0.05 0.00 1.01
0.05 0.00 1.01
0.05 0.00 1.01
0.05 0.00 1.00
0.06 0.00 1.01
0.06 0.00 1.00
0.06 0.00 1.01
0.06 0.00 1.01
0.06 0.00 1.01
0.05 0.00 1.01
0.06 0.00 1.01
0.06 0.00 1.01
0.05 0.01 1.01
0.05 0.01 1.01
0.06 -0.01 1.00
0.06 0.00 1.01
0.06 0.00 1.01
0.06 0.00 1.00
0.06 0.00 1.00
0.06 0.00 1.01
0.06 0.00 1.00
0.06 0.00 1.01
0.06 0.01 1.00
0.06 0.00 1.01
0.06 0.01 1.00
0.06 0.00 1.00
0.06 0.00 1.01
0.06 0.00 1.01
0.06 0.00 1.01
0.06 0.00 1.01
0.06 0.00 1.01
0.06 0.00 1.01
0.06 0.00 1.01
0.06 0.00 1.01
0.06 0.00 1.01
0.06 0.00 1.01
0.06 0.00 1.01
0.06 0.00 1.01
0.06 0.00 1.01
0.06 0.00 1.01
0.06 0.00 1.01
0.06 0.00 1.01
0.06 0.00 1.01
0.06 0.01 1.01
0.06 0.00 1.01
0.06 0.00 1.01
0.06 0.00 1.01
0.06 0.00 1.01
0.06 0.00 1.01
0.06 0.00 1.01
0.06 0.00 1.01
0.06 0.00 1.01
0.06 0.00 1.01
0.06 0.00 1.01
0.06 0.00 1.01
0.06 0.00 1.01
0.06 0.00 1.01
0.06 0.00 1.01
0.06 0.00 1.01
0.06 0.00 1.01
0.06 0.00 1.01
0.06 0.00 1.01
0.06 0.00 1.01
0.06 0.00 1.01
0.06 0.00 1.01
0.06 0.00 1.01
0.06 0.01 1.01
0.06 0.00 1.01
0.06 0.01 1.00
0.05 0.01 0.99
0.06 0.00 1.01
