1.59 -12.94 -1.83
1.59 -12.82 -1.89
1.59 -12.88 -1.89
1.59 -12.88 -1.89
1.65 -12.88 -1.89
1.59 -12.76 -1.83
1.53 -12.88 -1.89
1.59 -12.76 -1.95
1.59 -12.94 -1.83
1.53 -12.82 -1.89
1.59 -12.88 -1.83
1.53 -12.88 -1.89
1.53 -12.88 -1.83
1.59 -12.82 -1.89
1.65 -12.88 -1.89
1.65 -12.63 -1.83
1.59 -12.82 -1.89
1.59 -12.88 -1.83
1.59 -12.76 -1.95
1.53 -12.82 -1.83
1.53 -12.63 -1.77
1.53 -12.51 -1.77
1.28 -10.25 -2.26
1.65 -12.88 -1.77
1.53 -12.88 -1.89
1.65 -12.88 -1.83
1.65 -12.76 -1.95
1.59 -12.82 -1.83
1.59 -12.82 -1.83
1.65 -12.76 -1.89
1.59 -12.88 -1.83
1.59 -12.88 -1.83
1.65 -12.82 -1.83
1.59 -12.76 -1.89
1.59 -12.82 -1.83
1.59 -12.88 -1.89
1.59 -12.76 -1.89
1.59 -12.82 -1.83
1.59 -12.88 -1.89
1.53 -12.88 -1.83
1.53 -12.88 -1.89
1.59 -12.88 -1.83
1.59 -12.88 -1.83
1.65 -12.94 -1.83
1.53 -12.82 -1.95
1.59 -12.88 -1.89
1.59 -12.88 -1.89
1.59 -12.82 -1.89
1.53 -12.88 -1.89
1.53 -12.76 -1.89
1.53 -12.88 -1.89
1.53 -12.82 -1.89
1.59 -12.88 -1.89
1.59 -12.82 -1.83
1.59 -12.94 -1.89
1.59 -12.88 -1.83
1.59 -12.82 -1.89
1.59 -12.82 -1.77
1.65 -12.88 -1.83
1.59 -12.88 -1.77
1.59 -12.88 -1.83
1.53 -12.82 -1.83
8.48 -20.08 -78.55
91.74 -78.12 -42.11
16.17 86.49 -81.67
-206.48 171.57 68.30
-129.39 44.13 17.40
113.77 -160.89 5.31
-8.00 -53.59 -12.51
-33.75 -16.66 37.48
-15.44 0.92 0.73
8.12 -18.92 -7.32
8.42 -18.86 -4.64
7.81 -16.85 -1.04
5.49 -10.74 -3.17
9.16 -22.40 1.40
-24.17 -70.92 15.81
-17.88 -0.49 -12.08
-60.55 108.95 38.51
10.13 178.65 115.60
-145.94 -17.52 232.85
-56.15 97.47 104.92
-258.85 290.95 95.15
-375.98 278.26 101.99
-148.62 154.48 -17.40
-170.47 164.98 46.69
-12.08 79.28 -4.39
406.68 -100.77 -257.14
229.74 -98.82 -47.36
353.09 -170.84 -57.31
897.16 -248.23 -11.84
562.93 -81.54 -29.11
188.42 20.87 -70.50
-502.69 7.69 -13.00
-608.64 144.65 96.62
-417.36 78.37 93.93
-365.42 36.80 72.39
-273.80 -3.36 57.19
-165.28 -4.09 53.53
519.23 43.76 -109.80
1253.36 -143.07 -167.30
684.51 -71.72 -67.69
571.90 -13.73 -68.05
223.08 54.99 14.65
-1118.77 -17.76 262.33
-487.06 422.36 173.77
-469.30 234.07 414.18
923.71 -1018.74 -133.79
-416.87 848.14 -203.43
106.08 76.29 -75.56
269.59 -867.74 260.68
-477.54 760.38 -90.76
272.77 67.69 -144.10
115.84 -130.00 -71.72
158.45 -93.44 130.37
31.49 -257.69 188.29
2.50 84.41 -49.80
65.49 438.84 -74.22
78.49 -677.55 644.53
-47.36 294.01 -366.82
-49.01 385.74 -76.54
-166.93 366.70 -135.19
-104.55 11.05 -144.65
42.05 55.60 -1001.59
-41.14 181.88 259.83
167.42 268.25 -141.60
-168.15 402.28 347.47
-60.49 310.12 288.33
-366.76 18.13 450.50
-312.32 -238.46 -15.93
-135.50 -669.86 188.96
-440.12 226.14 -105.29
-488.59 702.64 12.39
30.46 -197.75 -79.35
-162.60 246.28 -53.28
-24.35 -1.83 17.09
-10.07 -657.96 481.57
59.27 -216.86 277.04
11.90 267.40 -607.97
-153.93 507.02 -576.60
338.07 -514.71 855.96
-69.34 -155.70 290.65
-144.47 -210.75 -97.72
84.47 -443.18 -652.89
-23.93 -247.01 -27.10
27.77 24.60 -103.70
136.47 -41.44 -36.01
-118.41 -87.95 163.64
-2.69 225.34 -73.97
-241.09 715.94 63.17
-507.87 177.67 797.79
75.50 270.51 -866.03
100.59 215.39 463.44
-81.18 -13.98 -176.09
260.13 -700.93 -298.77
-66.41 -100.40 -3.05
-389.77 569.58 123.96
48.77 -436.65 163.33
312.32 -1219.73 -132.87
-327.64 402.65 -136.60
-369.02 808.90 127.20
-78.55 -67.99 44.49
-1.10 -722.53 374.69
-316.10 421.75 -221.74
80.75 -157.10 -194.82
76.29 166.08 -577.58
-75.56 -27.89 1769.71
-13.49 620.12 -612.24
239.01 370.12 -1155.64
-307.68 -698.00 1581.24
595.52 -138.79 -1732.18
-350.34 -195.37 1655.15
343.26 691.89 -993.71
-16.60 60.49 183.29
-91.92 -97.72 185.91
-136.96 750.61 86.18
-96.25 -347.90 25.45
191.65 -1398.01 374.69
-579.71 1315.37 65.43
355.47 -1184.57 -96.92
-240.17 -383.36 -601.01
-504.52 1063.17 -68.18
-618.96 -1476.68 1239.50
-816.10 638.79 -546.57
33.08 89.23 113.65
-783.02 -144.71 1346.01
907.23 -164.25 -1844.54
-245.67 1294.13 294.37
-79.16 643.37 -443.36
484.01 -913.88 79.22
-1013.61 1153.63 960.88
359.99 -395.63 -1124.21
315.37 -247.44 -909.61
-194.21 1053.59 53.83
-479.98 -788.02 -89.72
-975.40 1111.57 365.11
-8.73 -735.29 93.81
-365.66 -455.57 -252.62
-713.75 1188.78 379.09
-153.14 -1098.63 -406.37
-290.71 -27.77 -290.16
597.23 184.33 -787.72
-1015.20 13.61 1284.97
0.73 78.98 -1225.95
-118.90 411.01 -193.91
-1802.00 111.45 1770.75
365.36 893.86 -1278.87
-24.23 211.73 378.66
-385.44 828.06 739.01
-35.52 -58.11 -179.93
563.72 -254.21 -853.58
-37.84 90.45 323.12
-233.83 709.47 233.28
-270.75 935.55 454.47
1239.93 -1400.51 -943.60
193.36 1406.80 -721.68
73.30 -320.86 144.04
-291.32 -1377.87 528.69
-184.08 1553.65 -596.68
-171.75 -769.47 656.56
-540.22 -562.07 -421.45
64.45 489.20 -745.18
-806.58 304.75 977.48
-472.60 18.86 -1056.27
-96.98 257.93 -691.65
-1645.32 495.00 958.19
167.97 -661.74 -1076.78
-386.23 785.16 -277.53
-792.42 -667.30 408.08
33.51 -397.83 -420.59
-1167.48 666.38 349.43
159.12 -860.41 -62.01
-891.48 968.99 331.36
281.31 -299.44 -433.65
-1.95 -323.91 -28.63
12.33 31.92 -99.37
-9.95 -76.90 35.77
31.86 -21.97 -33.51
-34.24 73.36 -8.79
-3.11 0.67 8.91
-24.23 9.22 16.05
21.73 -22.71 -8.85
-18.31 -9.70 1.40
-12.51 -8.12 0.12
-7.14 -11.17 -0.24
-15.99 -3.48 0.85
3.05 -5.74 -4.33
-5.55 -11.23 -0.61
1.95 -13.12 -2.01
0.61 -12.57 -1.77
-1.40 -11.66 -1.10
60.61 -25.09 -9.28
11.96 -16.48 -2.62
22.77 -18.13 -4.39
6.35 -13.73 -2.44
3.97 -13.67 -2.32
0.00 -13.00 -1.77
-1.16 -12.70 -1.59
0.61 -12.82 -1.77
-0.43 -12.57 -1.59
1.10 -13.12 -1.83
2.32 -13.18 -2.01
1.83 -13.12 -2.01
2.08 -13.18 -1.95
1.10 -13.06 -1.83
1.77 -13.12 -1.89
1.46 -13.06 -1.83
1.95 -13.18 -1.95
1.59 -13.12 -1.95
1.40 -13.06 -1.89
0.98 -12.94 -1.83
1.71 -13.12 -1.95
1.34 -13.00 -1.89
1.53 -13.12 -1.83
2.08 -13.18 -1.95
1.16 -13.06 -1.89
1.95 -13.18 -2.01
2.20 -13.24 -1.95
1.65 -13.24 -1.89
1.89 -13.18 -1.89
2.01 -13.18 -1.95
1.34 -13.00 -1.89
2.14 -13.18 -2.01
0.49 -12.94 -1.77
1.34 -13.00 -1.83
0.49 -12.94 -1.71
1.65 -13.06 -1.89
2.81 -13.49 -2.20
0.98 -13.00 -1.77
1.46 -13.18 -1.77
0.12 -12.82 -1.65
1.46 -13.12 -1.83
1.16 -13.12 -1.83
1.53 -13.06 -1.83
1.65 -13.06 -1.95
2.14 -13.18 -1.95
1.83 -13.12 -1.95
1.16 -13.31 -2.01
0.43 -13.12 -1.65
2.44 -13.24 -2.08
1.83 -13.18 -1.95
1.65 -13.12 -1.83
1.59 -13.00 -1.89
1.83 -13.12 -1.95
2.32 -13.12 -1.95
2.50 -13.31 -2.01
1.28 -13.06 -1.83
1.04 -13.18 -1.89
1.46 -13.18 -1.83
1.40 -13.12 -1.89
1.89 -13.12 -1.95
2.01 -13.18 -1.95
1.89 -13.12 -1.95
1.71 -13.12 -1.89
1.53 -13.18 -1.89
2.26 -13.06 -1.95
0.55 -12.94 -1.71
1.95 -13.18 -2.01
1.53 -13.18 -1.89
1.89 -13.18 -1.95
1.95 -13.18 -1.95
1.28 -13.18 -1.89
1.65 -13.06 -1.89
-0.43 -13.00 -0.12
2.14 -14.10 -0.24
1.40 -12.88 -1.46
1.16 -13.37 -1.89
3.30 -13.43 -2.20
-5.92 -12.70 0.79
-10.38 -13.55 6.96
1.04 -13.00 -0.06
2.44 -13.37 -1.71
11.17 -9.09 -5.31
5.62 -13.43 -2.69
7.08 -11.17 -3.11
2.32 -13.37 -2.38
1.95 -13.18 -1.95
1.65 -13.06 -2.08
2.26 -13.18 -1.95
1.83 -13.18 -1.95
0.31 -13.18 -1.77
1.59 -12.94 -1.89
1.83 -13.00 -2.20
0.61 -13.31 -1.89
1.28 -13.00 -2.01
0.92 -12.94 -1.95
0.73 -13.00 -1.83
1.83 -13.18 -1.89
2.26 -13.24 -2.01
10.56 -6.96 -5.62
-2.08 -12.45 -1.59
-0.06 -12.76 -1.71
1.71 -13.12 -1.83
1.10 -13.00 -1.83
1.71 -13.24 -1.89
3.78 -13.06 -1.89
6.47 -11.17 -2.01
0.85 -13.00 -1.71
1.83 -13.18 -1.89
1.95 -13.24 -2.01
1.65 -13.12 -1.89
1.71 -13.12 -1.89
0.98 -12.88 -1.83
1.40 -13.18 -1.89
1.95 -13.24 -1.95
1.77 -13.24 -2.01
1.83 -13.18 -1.95
1.59 -13.18 -1.83
1.34 -13.18 -1.89
1.53 -13.18 -1.89
1.40 -13.06 -1.89
1.71 -13.24 -1.89
1.89 -13.31 -1.89
1.95 -13.12 -1.95
1.71 -13.24 -1.89
2.08 -13.31 -1.95
2.08 -13.31 -1.95
2.01 -13.24 -1.95
1.89 -13.31 -1.95
1.28 -13.18 -1.77
2.01 -13.24 -1.95
1.83 -13.12 -1.89
1.28 -13.12 -1.83
1.40 -13.06 -1.89
1.59 -13.12 -1.89
2.32 -13.24 -2.01
1.34 -13.24 -1.89
1.65 -13.12 -1.89
2.14 -13.37 -1.95
1.22 -13.00 -1.83
2.38 -13.24 -1.95
1.95 -13.18 -1.89
2.26 -13.24 -1.95
1.77 -13.24 -1.83
1.59 -13.06 -1.89
1.83 -13.24 -1.89
1.59 -13.18 -1.89
1.59 -13.06 -1.83
1.95 -13.12 -1.95
2.08 -13.06 -1.89
3.11 -13.43 -2.14
-0.49 -12.94 -1.65
4.09 -14.04 -2.38
4.70 -13.85 -2.44
1.65 -13.18 -1.89
2.20 -13.18 -2.01
1.16 -12.76 -1.59
-0.37 -12.57 -1.46
4.09 -14.04 -2.44
5.37 -14.04 -2.56
-7.45 -12.27 -0.92
0.49 8.00 -8.06
5.31 -9.46 5.68
181.09 -103.33 -46.88
390.56 325.38 -604.31
-1284.85 399.11 864.87
906.62 -205.14 -1337.65
-1253.91 989.32 1371.09
218.20 1033.45 -392.88
658.08 -1360.47 -372.44
866.64 1466.86 -629.52
-512.51 -961.98 634.46
244.26 -192.44 -226.32
-94.79 -229.37 233.40
1.95 -75.44 -37.11
29.79 -127.62 1.04
5.68 38.70 -9.46
-43.46 10.01 55.91
-14.34 3.72 13.55
1.89 -8.36 0.00
-10.62 -9.03 0.12
-4.46 -15.56 2.50
6.53 -13.92 -2.69
15.99 -13.85 -3.54
1.28 -12.76 -1.77
-1.28 -13.37 -1.77
2.81 -13.24 -1.95
1.89 -13.18 -2.01
0.98 -13.06 -1.89
1.34 -13.06 -1.89
1.28 -13.24 -1.89
1.95 -13.37 -1.83
1.16 -13.00 -1.77
1.89 -13.18 -1.95
1.65 -13.12 -1.89
1.34 -13.12 -1.89
1.59 -13.12 -1.89
1.77 -13.12 -1.89
1.65 -13.31 -1.89
1.53 -13.37 -1.89
0.92 -12.94 -1.83
0.85 -13.12 -1.83
1.10 -13.06 -1.89
1.53 -13.18 -1.89
1.40 -13.06 -1.89
1.10 -13.12 -1.89
-0.85 -12.88 -1.59
2.75 -13.24 -2.01
-6.90 -11.41 -0.79
-10.31 -8.42 0.24
15.01 -14.95 -3.23
1.71 -9.40 -0.85
45.78 -19.78 -6.29
36.99 -17.46 -5.19
8.36 -13.43 -2.38
9.28 -14.47 -2.75
3.97 -13.00 -2.01
1.77 -11.35 -1.71
-12.08 -9.46 -0.18
0.37 -12.15 3.60
6.29 -10.86 0.06
4.88 -13.24 -2.14
81.24 -29.17 -8.85
2.32 -11.96 0.12
-0.55 -12.82 -1.77
4.64 -13.61 -4.46
5.74 -13.55 -2.38
-4.52 -13.85 -1.65
2.26 -12.15 -2.87
-4.21 -11.60 -3.05
-3.17 -12.45 -1.34
-2.99 -12.70 -1.53
0.18 -13.55 -2.01
-3.85 -11.47 -0.98
11.05 -13.18 -2.56
0.49 -12.94 -0.61
10.01 -14.77 -2.87
-0.06 -12.88 -1.71
-14.53 -10.38 -0.24
12.51 -9.70 -17.33
0.24 -14.16 -0.55
16.72 -13.67 -2.93
10.50 -13.49 -2.62
0.06 -12.76 -1.71
2.62 -13.00 -2.01
0.67 -13.67 -1.95
0.61 -12.88 -1.83
1.59 -13.18 -1.89
-0.24 -12.39 -1.59
1.40 -13.24 -1.71
-3.17 -12.08 -1.46
-0.06 -13.31 -1.77
2.56 -13.37 -2.08
-8.61 -11.96 -1.04
0.37 -12.76 -1.77
1.83 -13.24 -1.95
5.92 -13.18 -2.32
10.01 -15.01 -2.81
8.06 -13.79 -2.44
-0.49 -12.15 -1.59
-8.85 -12.08 -0.98
-3.97 -12.63 -1.40
4.76 -13.49 -2.20
2.44 -13.67 -2.01
2.99 -13.18 -2.14
1.59 -13.18 -1.83
-0.85 -12.82 -1.71
1.89 -13.18 -1.95
2.50 -13.43 -1.95
2.81 -13.43 -2.08
4.70 -13.12 -2.14
4.21 -13.37 -2.20
4.09 -14.47 -2.26
-0.24 -13.06 -1.77
-5.74 -12.33 -1.28
-0.67 -12.57 -1.65
